Max N = 172

    N = 7
evals and evecs done 
Elapsed time is 0.036602 seconds.
sigma_d done 
c3 done 
c2 done 
Elapsed time is 0.006538 seconds.
130.6667 9 1 0 1
261.3333 12 0 0 4
378.7983 2 0 -1 -1

    N = 11
evals and evecs done 
Elapsed time is 0.009194 seconds.
sigma_d done 
c3 done 
c2 done 
Elapsed time is 0.004808 seconds.
322.6667 15 1 0 3
645.3333 18 0 0 6
806.6667 3 -1 0 3
953.3691 2 0 0 -1

    N = 13
evals and evecs done 
Elapsed time is 0.006174 seconds.
sigma_d done 
c3 done 
c2 done 
Elapsed time is 0.007148 seconds.
450.6667 18 0 0 -6
495.2967 3 -1 0 3
801.0506 3 -1 0 3
901.3333 21 1 0 -7
1182.3194 3 -1 0 3
1336.9559 2 0 -1 -1

    N = 17
evals and evecs done 
Elapsed time is 0.015592 seconds.
sigma_d done 
c3 done 
c2 done 
Elapsed time is 0.032498 seconds.
770.6667 24 0 0 -8
817.1436 3 -1 0 3
1541.3333 27 1 0 -9
1675.1582 3 -1 0 3
2131.6983 3 -1 0 3
2296.4025 2 0 0 -1

    N = 19
evals and evecs done 
Elapsed time is 0.028887 seconds.
sigma_d done 
c3 done 
c2 done 
Elapsed time is 0.045873 seconds.
962.6667 27 1 0 7
1146.5196 3 -1 0 3
1627.853 3 -1 0 3
1925.3333 30 0 0 10
2222.8137 3 -1 0 3
2704.147 3 -1 0 3
2872.2082 2 0 0 -1

    N = 23
evals and evecs done 
Elapsed time is 0.046729 seconds.
sigma_d done 
c3 done 
c2 done 
Elapsed time is 0.114661 seconds.
894.3268 9 1 0 1
1410.6667 33 1 0 9
1599.6602 3 -1 0 3
2821.3333 36 0 0 12
3337.6732 9 1 0 1
3526.6667 3 -1 0 3
4043.0065 3 -1 0 3
4215.9164 2 0 0 -1

    N = 29
evals and evecs done 
Elapsed time is 0.131520 seconds.
sigma_d done 
c3 done 
c2 done 
Elapsed time is 0.421422 seconds.
1549.6446 9 1 0 1
1778.1952 12 0 0 -4
2242.6667 42 0 0 -14
2291.6743 3 -1 0 3
2670.9779 9 -1 0 1
4057.0221 9 1 0 1
4250.9108 3 -1 0 3
4485.3333 45 1 0 -15
4949.8048 12 0 0 -4
5178.3554 9 -1 0 1
5985.9702 3 -1 0 3
6534.1113 3 -1 0 3
6711.6243 2 0 -1 -1

    N = 31
evals and evecs done 
Elapsed time is 0.160774 seconds.
sigma_d done 
c3 done 
c2 done 
Elapsed time is 0.674534 seconds.
2562.6667 45 1 0 13
2757.7381 3 -1 0 3
3313.2544 3 -1 0 3
4144.6433 3 -1 0 3
5125.3333 48 0 0 16
6106.0234 3 -1 0 3
6937.4123 3 -1 0 3
7492.9286 3 -1 0 3
7671.5512 1 -1 -1 -1

    N = 37
evals and evecs done 
Elapsed time is 0.321179 seconds.
sigma_d done 
c3 done 
c2 done 
Elapsed time is 2.594920 seconds.
3650.6667 54 0 0 -18
3700.457 3 -1 0 3
4090.6678 3 -1 0 3
4828.8041 3 -1 0 3
5834.8772 3 -1 0 3
6999.8637 3 -1 0 3
7301.3333 57 1 0 -19
8197.519 3 -1 0 3
9298.0587 3 -1 0 3
10182.2223 3 -1 0 3
10754.1968 3 -1 0 3
10935.378 1 -1 -1 -1

    N = 41
evals and evecs done 
Elapsed time is 0.433463 seconds.
sigma_d done 
c3 done 
c2 done 
Elapsed time is 5.200024 seconds.
2353.7231 12 0 0 4
3219.3101 12 0 0 4
4482.6667 60 0 0 -20
4532.7343 3 -1 0 3
4779.0438 12 0 0 4
4926.5902 3 -1 0 3
5679.3061 3 -1 0 3
7967.8462 3 -1 0 3
8668.9562 12 0 0 4
8965.3333 63 1 0 -21
9300.3234 3 -1 0 3
10228.6899 12 0 0 4
10603.0354 3 -1 0 3
11094.2769 12 0 0 4
11760.2303 3 -1 0 3
12669.0863 3 -1 0 3
13248.8477 3 -1 0 3
13431.29 2 0 -1 -1

    N = 43
evals and evecs done 
Elapsed time is 0.528789 seconds.
sigma_d done 
c3 done 
c2 done 
Elapsed time is 7.215392 seconds.
4930.6667 63 1 0 19
5130.3933 3 -1 0 3
5713.3926 3 -1 0 3
6632.4333 3 -1 0 3
7813.0604 3 -1 0 3
9159.6263 3 -1 0 3
9861.3333 66 0 0 22
10563.0404 3 -1 0 3
11909.6063 3 -1 0 3
13090.2333 3 -1 0 3
14009.2741 3 -1 0 3
14592.2734 3 -1 0 3
14775.252 2 0 -1 -1

    N = 47
evals and evecs done 
Elapsed time is 0.887708 seconds.
sigma_d done 
c3 done 
c2 done 
Elapsed time is 11.822171 seconds.
2647.8459 12 0 0 4
3734.533 9 1 0 9
5127.0003 12 0 0 4
5890.6667 69 1 0 21
6091.3863 3 -1 0 3
6679.8664 3 -1 0 3
7616.003 3 -1 0 3
10256.7166 3 -1 0 3
11781.3333 72 0 0 24
12544.9997 12 0 0 4
13305.9501 3 -1 0 3
13937.467 9 1 0 9
14726.6667 3 -1 0 3
15024.1541 12 0 0 4
15946.6637 3 -1 0 3
16882.8003 3 -1 0 3
17471.2804 3 -1 0 3
17655.1855 1 -1 0 -1

    N = 53
evals and evecs done 
Elapsed time is 1.823717 seconds.
sigma_d done 
c3 done 
c2 done 
Elapsed time is 24.197898 seconds.
7490.6667 78 0 0 -26
7541.3159 3 -1 0 3
7942.4091 3 -1 0 3
8722.9726 3 -1 0 3
9840.926 3 -1 0 3
12832.9859 3 -1 0 3
14545.7898 3 -1 0 3
14981.3333 81 1 0 -27
16282.0739 3 -1 0 3
17948.2348 3 -1 0 3
19454.4493 3 -1 0 3
20719.5169 3 -1 0 3
21675.2376 3 -1 0 3
22270.0881 3 -1 0 3
22455.1042 1 -1 0 -1

    N = 59
evals and evecs done 
Elapsed time is 3.468315 seconds.
sigma_d done 
c3 done 
c2 done 
Elapsed time is 47.239876 seconds.
5095.6594 12 0 0 4
6414.1649 9 1 0 9
7360.1635 18 0 0 10
8467.7854 12 0 0 4
9282.6667 87 1 0 27
9485.5152 3 -1 0 3
10085.1954 3 -1 0 3
11055.4982 9 -1 0 9
12354.017 3 -1 0 3
15696.8316 3 -1 0 3
16792.5018 9 1 0 9
17595.0305 3 -1 0 3
18565.3333 90 0 0 30
19380.2146 12 0 0 4
19535.6362 3 -1 0 3
20487.8365 18 0 0 10
21433.8351 9 -1 0 9
22752.3406 12 0 0 4
23206.6667 3 -1 0 3
24776.6497 3 -1 0 3
26075.1684 3 -1 0 3
27045.4713 3 -1 0 3
27645.1515 3 -1 0 3
27831.0392 2 0 -1 -1

    N = 61
evals and evecs done 
Elapsed time is 4.331128 seconds.
sigma_d done 
c3 done 
c2 done 
Elapsed time is 66.658235 seconds.
9922.6667 90 0 0 -30
9973.5767 3 -1 0 3
10377.7275 3 -1 0 3
11169.4833 3 -1 0 3
12316.4294 3 -1 0 3
13771.6097 3 -1 0 3
15475.449 3 -1 0 3
17358.1918 3 -1 0 3
19342.7585 3 -1 0 3
19845.3333 93 1 0 -31
21347.9007 3 -1 0 3
23291.5276 3 -1 0 3
25094.0669 3 -1 0 3
26681.7224 3 -1 0 3
27989.4954 3 -1 0 3
28963.8454 3 -1 0 3
29564.8824 3 -1 0 3
29751.0203 2 0 -1 -1

    N = 67
evals and evecs done 
Elapsed time is 9.603290 seconds.
sigma_d done 
c3 done 
c2 done 
Elapsed time is 128.946280 seconds.
11970.6667 99 1 0 31
12174.49 3 -1 0 3
12779.0191 3 -1 0 3
13763.6674 3 -1 0 3
15094.9039 3 -1 0 3
16727.395 3 -1 0 3
18605.5481 3 -1 0 3
20665.4049 3 -1 0 3
22836.8196 3 -1 0 3
23941.3333 102 0 0 34
25045.8471 3 -1 0 3
27217.2618 3 -1 0 3
29277.1186 3 -1 0 3
31155.2717 3 -1 0 3
32787.7627 3 -1 0 3
34118.9993 3 -1 0 3
35103.6476 3 -1 0 3
35708.1767 3 -1 0 3
35894.9703 2 0 0 -1

    N = 71
evals and evecs done 
Elapsed time is 13.754265 seconds.
sigma_d done 
c3 done 
c2 done 
Elapsed time is 172.461857 seconds.
8522.3092 9 1 0 1
13442.6667 105 1 0 33
13646.891 3 -1 0 3
14253.3587 3 -1 0 3
15243.6425 3 -1 0 3
16587.6532 3 -1 0 3
18244.5538 3 -1 0 3
22287.6706 3 -1 0 3
24551.0388 3 -1 0 3
26885.3333 108 0 0 36
29219.6279 3 -1 0 3
31482.9961 3 -1 0 3
31805.6908 9 1 0 1
33606.6667 3 -1 0 3
35526.1129 3 -1 0 3
37183.0134 3 -1 0 3
38527.0242 3 -1 0 3
39517.308 3 -1 0 3
40123.7757 3 -1 0 3
40310.9416 2 0 0 -1

    N = 73
evals and evecs done 
Elapsed time is 15.736894 seconds.
sigma_d done 
c3 done 
c2 done 
Elapsed time is 213.031555 seconds.
14210.6667 108 0 0 -36
14261.8608 3 -1 0 3
14669.203 3 -1 0 3
15472.169 3 -1 0 3
16647.6589 3 -1 0 3
18161.8559 3 -1 0 3
19971.1995 3 -1 0 3
22023.638 3 -1 0 3
24260.1265 3 -1 0 3
26616.3254 3 -1 0 3
28421.3333 111 1 0 -37
29024.4511 3 -1 0 3
31415.2262 3 -1 0 3
33719.8725 3 -1 0 3
35872.0894 3 -1 0 3
37809.9616 3 -1 0 3
39477.7401 3 -1 0 3
40827.4459 3 -1 0 3
41820.2504 3 -1 0 3
42427.5925 3 -1 0 3
42614.9285 2 0 -1 -1

    N = 79
evals and evecs done 
Elapsed time is 25.630885 seconds.
sigma_d done 
c3 done 
c2 done 
Elapsed time is 329.874153 seconds.
16642.6667 117 1 0 37
16847.5655 3 -1 0 3
17457.2168 3 -1 0 3
18456.6088 3 -1 0 3
19821.1332 3 -1 0 3
21517.1909 3 -1 0 3
23503.0193 3 -1 0 3
25729.7208 3 -1 0 3
28142.4665 3 -1 0 3
30681.8467 3 -1 0 3
33285.3333 120 0 0 40
35888.82 3 -1 0 3
38428.2002 3 -1 0 3
40840.9459 3 -1 0 3
43067.6474 3 -1 0 3
45053.4758 3 -1 0 3
46749.5335 3 -1 0 3
48114.0579 3 -1 0 3
49113.4499 3 -1 0 3
49723.1012 3 -1 0 3
49910.8929 1 -1 -1 -1

    N = 83
evals and evecs done 
Elapsed time is 34.475273 seconds.
sigma_d done 
c3 done 
c2 done 
Elapsed time is 416.710502 seconds.
9645.9243 12 0 0 12
13193.2344 12 0 0 12
14565.977 12 0 0 4
18370.6667 123 1 0 39
18575.8518 3 -1 0 3
19186.8238 3 -1 0 3
19585.2665 12 0 0 12
20189.9346 3 -1 0 3
21562.7762 3 -1 0 3
23274.6817 3 -1 0 3
25287.41 3 -1 0 3
30029.7752 3 -1 0 3
32653.4754 3 -1 0 3
35368.4917 3 -1 0 3
35526.7335 12 0 0 12
36741.3333 126 0 0 42
38114.175 3 -1 0 3
40546.023 12 0 0 4
40829.1912 3 -1 0 3
41918.7656 12 0 0 12
43452.8915 3 -1 0 3
45466.0757 12 0 0 12
45926.6667 3 -1 0 3
48195.2567 3 -1 0 3
50207.9849 3 -1 0 3
51919.8904 3 -1 0 3
53292.7321 3 -1 0 3
54295.8428 3 -1 0 3
54906.8148 3 -1 0 3
55094.872 2 0 0 -1

    N = 89
evals and evecs done 
Elapsed time is 42.758198 seconds.
sigma_d done 
c3 done 
c2 done 
Elapsed time is 593.377314 seconds.
14595.4037 9 1 0 1
16748.0192 12 0 0 -4
21122.6667 132 0 0 -44
21174.1204 3 -1 0 3
21584.2476 3 -1 0 3
22396.5193 3 -1 0 3
23595.1256 3 -1 0 3
25156.737 9 -1 0 1
27050.9585 3 -1 0 3
29240.9212 3 -1 0 3
34332.6431 3 -1 0 3
37135.2978 3 -1 0 3
38211.263 9 1 0 1
40037.4134 3 -1 0 3
42245.3333 135 1 0 -45
42982.5038 3 -1 0 3
45913.2459 3 -1 0 3
46619.9808 12 0 0 -4
48772.5963 9 -1 0 1
51504.9009 3 -1 0 3
54056.9786 3 -1 0 3
56379.1561 3 -1 0 3
58426.2348 3 -1 0 3
60158.3706 3 -1 0 3
61541.8495 3 -1 0 3
62549.7437 3 -1 0 3
63162.4357 3 -1 0 3
63350.8441 2 0 -1 -2

    N = 97
evals and evecs done 
Elapsed time is 79.066929 seconds.
sigma_d done 
c3 done 
c2 done 
Elapsed time is 937.115799 seconds.
25090.6667 144 0 0 -48
25142.2181 3 -1 0 3
25553.3597 3 -1 0 3
26368.8919 3 -1 0 3
27575.4238 3 -1 0 3
29153.1441 3 -1 0 3
31076.1466 3 -1 0 3
33312.8558 3 -1 0 3
35826.5449 3 -1 0 3
38575.9393 3 -1 0 3
41515.8939 3 -1 0 3
44598.1348 3 -1 0 3
47772.0516 3 -1 0 3
50181.3333 147 1 0 -49
50985.5288 3 -1 0 3
54185.8011 3 -1 0 3
57320.3202 3 -1 0 3
60337.6173 3 -1 0 3
63188.1485 3 -1 0 3
65825.1081 3 -1 0 3
68205.1974 3 -1 0 3
70289.3354 3 -1 0 3
72043.3005 3 -1 0 3
73438.2927 3 -1 0 3
74451.4063 3 -1 0 3
75066.006 3 -1 0 3
75254.8123 2 0 0 -1

    N = 101
evals and evecs done 
Elapsed time is 97.160696 seconds.
sigma_d done 
c3 done 
c2 done 
Elapsed time is 1204.072101 seconds.
27202.6667 150 0 0 -50
27254.2612 3 -1 0 3
27665.8438 3 -1 0 3
28482.7697 3 -1 0 3
29692.6554 3 -1 0 3
31277.16 3 -1 0 3
33212.2642 3 -1 0 3
35468.6336 3 -1 0 3
38012.0642 3 -1 0 3
43802.1182 3 -1 0 3
46960.9702 3 -1 0 3
50232.6713 3 -1 0 3
53567.6256 3 -1 0 3
54405.3333 153 1 0 -51
56915.2788 3 -1 0 3
60224.8837 3 -1 0 3
63446.2702 3 -1 0 3
66530.6052 3 -1 0 3
69431.1336 3 -1 0 3
72103.8861 3 -1 0 3
74508.3466 3 -1 0 3
76608.0659 3 -1 0 3
78371.2144 3 -1 0 3
79771.0646 3 -1 0 3
80786.3961 3 -1 0 3
81401.8177 3 -1 0 3
81590.7982 2 0 0 0

    N = 103
evals and evecs done 
Elapsed time is 102.480413 seconds.
sigma_d done 
c3 done 
c2 done 
Elapsed time is 1311.439967 seconds.
28290.6667 153 1 0 49
28496.9375 3 -1 0 3
29112.742 3 -1 0 3
30129.1005 3 -1 0 3
31531.1921 3 -1 0 3
33298.5711 3 -1 0 3
35405.4653 3 -1 0 3
37821.1512 3 -1 0 3
40510.4029 3 -1 0 3
43434.005 3 -1 0 3
46549.3247 3 -1 0 3
49810.9336 3 -1 0 3
53171.2703 3 -1 0 3
56581.3333 156 0 0 52
59991.3964 3 -1 0 3
63351.733 3 -1 0 3
66613.342 3 -1 0 3
69728.6617 3 -1 0 3
72652.2637 3 -1 0 3
75341.5154 3 -1 0 3
77757.2014 3 -1 0 3
79864.0956 3 -1 0 3
81631.4746 3 -1 0 3
83033.5662 3 -1 0 3
84049.9246 3 -1 0 3
84665.7292 3 -1 0 3
84854.7916 2 0 0 -1

    N = 107
evals and evecs done 
Elapsed time is 128.613768 seconds.
sigma_d done 
c3 done 
c2 done 
Elapsed time is 1590.729106 seconds.
30530.6667 159 1 0 51
30737.1041 3 -1 0 3
31353.6247 3 -1 0 3
32371.8912 3 -1 0 3
33778.1331 3 -1 0 3
35553.3335 3 -1 0 3
37673.4858 3 -1 0 3
40109.9186 3 -1 0 3
42829.6834 3 -1 0 3
48968.754 3 -1 0 3
52305.0394 3 -1 0 3
55759.7387 3 -1 0 3
59286.1329 3 -1 0 3
61061.3333 162 0 0 54
62836.5337 3 -1 0 3
66362.928 3 -1 0 3
69817.6272 3 -1 0 3
73153.9126 3 -1 0 3
76326.6667 3 -1 0 3
79292.9832 3 -1 0 3
82012.748 3 -1 0 3
84449.1809 3 -1 0 3
86569.3332 3 -1 0 3
88344.5336 3 -1 0 3
89750.7755 3 -1 0 3
90769.0419 3 -1 0 3
91385.5626 3 -1 0 3
91574.7791 2 0 -1 -1

    N = 109
evals and evecs done 
Elapsed time is 120.416857 seconds.
sigma_d done 
c3 done 
c2 done 
Elapsed time is 1784.808208 seconds.
31682.6667 162 0 0 -54
31734.3378 3 -1 0 3
32146.6962 3 -1 0 3
32966.0373 3 -1 0 3
34181.6797 3 -1 0 3
35777.7756 3 -1 0 3
37733.5176 3 -1 0 3
40023.4094 3 -1 0 3
42617.599 3 -1 0 3
45482.267 3 -1 0 3
48580.0681 3 -1 0 3
51870.6177 3 -1 0 3
55311.0186 3 -1 0 3
58856.4198 3 -1 0 3
62460.6015 3 -1 0 3
63365.3333 165 1 0 -55
66076.5778 3 -1 0 3
69657.2089 3 -1 0 3
73155.8158 3 -1 0 3
76526.7887 3 -1 0 3
79726.182 3 -1 0 3
82712.2866 3 -1 0 3
85446.174 3 -1 0 3
87892.2039 3 -1 0 3
90018.4886 3 -1 0 3
91797.3086 3 -1 0 3
93205.4744 3 -1 0 3
94224.6282 3 -1 0 3
94841.484 3 -1 0 3
95030.7732 2 0 0 -1

    N = 113
evals and evecs done 
Elapsed time is 143.834523 seconds.
sigma_d done 
c3 done 
c2 done 
Elapsed time is 2197.338657 seconds.
34050.6667 168 0 0 -56
34102.372 3 -1 0 3
34515.0734 3 -1 0 3
35335.4664 3 -1 0 3
36553.5927 3 -1 0 3
38154.6658 3 -1 0 3
40119.2509 3 -1 0 3
42423.5005 3 -1 0 3
45039.4443 3 -1 0 3
47935.3282 3 -1 0 3
54423.3363 3 -1 0 3
57936.705 3 -1 0 3
61573.4585 3 -1 0 3
65289.4516 3 -1 0 3
68101.3333 171 1 0 -57
69039.5771 3 -1 0 3
72778.3135 3 -1 0 3
76460.2778 3 -1 0 3
80040.7758 3 -1 0 3
83476.3452 3 -1 0 3
86725.2827 3 -1 0 3
89748.1508 3 -1 0 3
92508.2558 3 -1 0 3
94972.0938 3 -1 0 3
97109.7572 3 -1 0 3
98895.2976 3 -1 0 3
100307.041 3 -1 0 3
101327.8507 3 -1 0 3
101945.3355 3 -1 0 3
102134.762 2 0 -1 -2

    N = 127
evals and evecs done 
Elapsed time is 409.598414 seconds.
sigma_d done 
c3 done 
c2 done 
Elapsed time is 4649.650388 seconds.
43010.6667 189 1 0 61
43217.7748 3 -1 0 3
43837.1046 3 -1 0 3
44862.6915 3 -1 0 3
46284.6587 3 -1 0 3
48089.3118 3 -1 0 3
50259.271 3 -1 0 3
52773.6384 3 -1 0 3
55608.1993 3 -1 0 3
58735.6553 3 -1 0 3
62125.8872 3 -1 0 3
65746.2454 3 -1 0 3
69561.8638 3 -1 0 3
73535.9958 3 -1 0 3
77630.3685 3 -1 0 3
81805.5508 3 -1 0 3
86021.3333 192 0 0 64
90237.1159 3 -1 0 3
94412.2981 3 -1 0 3
98506.6708 3 -1 0 3
102480.8029 3 -1 0 3
106296.4212 3 -1 0 3
109916.7794 3 -1 0 3
113307.0114 3 -1 0 3
116434.4674 3 -1 0 3
119269.0283 3 -1 0 3
121783.3957 3 -1 0 3
123953.3549 3 -1 0 3
125758.0079 3 -1 0 3
127179.9751 3 -1 0 3
128205.5621 3 -1 0 3
128824.8919 3 -1 0 3
129014.7283 2 0 0 0

    N = 131
evals and evecs done 
Elapsed time is 387.654364 seconds.
sigma_d done 
c3 done 
c2 done 
Elapsed time is 5372.976652 seconds.
45762.6667 195 1 0 63
45969.8836 3 -1 0 3
46589.6577 3 -1 0 3
47616.3762 3 -1 0 3
49040.7411 3 -1 0 3
50849.853 3 -1 0 3
53027.3283 3 -1 0 3
55553.4476 3 -1 0 3
58405.3338 3 -1 0 3
61557.1599 3 -1 0 3
64980.3823 3 -1 0 3
72514.8346 3 -1 0 3
76557.8312 3 -1 0 3
80736.3758 3 -1 0 3
85012.6268 3 -1 0 3
89347.858 3 -1 0 3
91525.3333 198 0 0 66
93702.8087 3 -1 0 3
98038.0398 3 -1 0 3
102314.2909 3 -1 0 3
106492.8355 3 -1 0 3
110535.8321 3 -1 0 3
114406.6667 3 -1 0 3
118070.2843 3 -1 0 3
121493.5068 3 -1 0 3
124645.3329 3 -1 0 3
127497.2191 3 -1 0 3
130023.3383 3 -1 0 3
132200.8137 3 -1 0 3
134009.9256 3 -1 0 3
135434.2905 3 -1 0 3
136461.009 3 -1 0 3
137080.7831 3 -1 0 3
137270.72 2 0 -1 -1

    N = 137
evals and evecs done 
Elapsed time is 434.421374 seconds.
sigma_d done 
c3 done 
c2 done 
Elapsed time is 6854.092151 seconds.
50050.6667 204 0 0 -68
50102.5355 3 -1 0 3
50516.8413 3 -1 0 3
51342.0198 3 -1 0 3
52571.2333 3 -1 0 3
54194.2962 3 -1 0 3
56197.7593 3 -1 0 3
58565.0212 3 -1 0 3
61276.4661 3 -1 0 3
64309.6261 3 -1 0 3
67639.3674 3 -1 0 3
71238.0988 3 -1 0 3
79121.269 3 -1 0 3
83340.3855 3 -1 0 3
87698.3884 3 -1 0 3
92159.1661 3 -1 0 3
96685.755 3 -1 0 3
100101.3333 207 1 0 -69
101240.6466 3 -1 0 3
105786.0974 3 -1 0 3
110284.4424 3 -1 0 3
114698.407 3 -1 0 3
118991.4157 3 -1 0 3
123127.8952 3 -1 0 3
127073.5693 3 -1 0 3
130795.743 3 -1 0 3
134263.5732 3 -1 0 3
137448.3243 3 -1 0 3
140323.6064 3 -1 0 3
142865.5941 3 -1 0 3
145053.2237 3 -1 0 3
146868.3678 3 -1 0 3
148295.9855 3 -1 0 3
149324.2471 3 -1 0 3
149944.6322 3 -1 0 3
150134.7084 2 0 0 -1

    N = 139
evals and evecs done 
Elapsed time is 523.744776 seconds.
sigma_d done 
c3 done 
c2 done 
Elapsed time is 7446.933009 seconds.
51522.6667 207 1 0 67
51730.0818 3 -1 0 3
52350.6571 3 -1 0 3
53379.3962 3 -1 0 3
54808.0162 3 -1 0 3
56625.0147 3 -1 0 3
58815.7623 3 -1 0 3
61362.6204 3 -1 0 3
64245.0832 3 -1 0 3
67439.9428 3 -1 0 3
70921.4761 3 -1 0 3
74661.6518 3 -1 0 3
78630.3562 3 -1 0 3
82795.6356 3 -1 0 3
87123.9537 3 -1 0 3
91580.4614 3 -1 0 3
96129.2775 3 -1 0 3
100733.7776 3 -1 0 3
103045.3333 210 0 0 70
105356.889 3 -1 0 3
109961.3891 3 -1 0 3
114510.2052 3 -1 0 3
118966.7129 3 -1 0 3
123295.031 3 -1 0 3
127460.3105 3 -1 0 3
131429.0149 3 -1 0 3
135169.1906 3 -1 0 3
138650.7238 3 -1 0 3
141845.5835 3 -1 0 3
144728.0463 3 -1 0 3
147274.9044 3 -1 0 3
149465.652 3 -1 0 3
151282.6505 3 -1 0 3
152711.2705 3 -1 0 3
153740.0096 3 -1 0 3
154360.5849 3 -1 0 3
154550.7048 1 -1 -1 -1

    N = 149
evals and evecs done 
Elapsed time is 857.996930 seconds.
sigma_d done 
c3 done 
c2 done 
Elapsed time is 11624.220082 seconds.
40908.0366 9 1 0 1
46941.3929 12 0 0 -4
59202.6667 222 0 0 -74
59254.5975 3 -1 0 3
59669.4974 3 -1 0 3
60496.387 3 -1 0 3
61729.4662 3 -1 0 3
63360.086 3 -1 0 3
65376.8086 3 -1 0 3
67765.4882 3 -1 0 3
70509.3699 9 -1 0 1
73589.2074 3 -1 0 3
76983.3978 3 -1 0 3
80668.1333 3 -1 0 3
84617.5682 3 -1 0 3
93198.0639 3 -1 0 3
97768.9386 3 -1 0 3
102484.5628 3 -1 0 3
107098.6301 9 1 0 1
107311.8598 3 -1 0 3
112216.9696 3 -1 0 3
117165.4862 3 -1 0 3
118405.3333 225 1 0 -75
122122.6995 3 -1 0 3
127053.8382 3 -1 0 3
130666.6071 12 0 0 -4
131924.3138 3 -1 0 3
136699.9634 9 -1 0 1
141347.2894 3 -1 0 3
145833.6941 3 -1 0 3
150127.7085 3 -1 0 3
154199.2132 3 -1 0 3
158019.6496 3 -1 0 3
161562.22 3 -1 0 3
164802.0759 3 -1 0 3
167716.4919 3 -1 0 3
170285.0256 3 -1 0 3
172489.6605 3 -1 0 3
174314.9328 3 -1 0 3
175748.0394 3 -1 0 3
176778.9281 3 -1 0 3
177400.3679 3 -1 0 3
177590.688 2 0 0 0

    N = 151
evals and evecs done 
Elapsed time is 561.643141 seconds.
sigma_d done 
c3 done 
c2 done 
Elapsed time is 13544.812033 seconds.
60802.6667 225 1 0 73
61010.3386 3 -1 0 3
61631.9358 3 -1 0 3
62663.2121 3 -1 0 3
64097.1229 3 -1 0 3
65923.873 3 -1 0 3
68130.984 3 -1 0 3
70703.379 3 -1 0 3
73623.486 3 -1 0 3
76871.3576 3 -1 0 3
80424.8077 3 -1 0 3
84259.5625 3 -1 0 3
88349.4268 3 -1 0 3
92666.4626 3 -1 0 3
97181.1803 3 -1 0 3
101862.7397 3 -1 0 3
106679.1611 3 -1 0 3
111597.5433 3 -1 0 3
116584.2889 3 -1 0 3
121605.3333 228 0 0 76
126626.3777 3 -1 0 3
131613.1233 3 -1 0 3
136531.5056 3 -1 0 3
141347.9269 3 -1 0 3
146029.4863 3 -1 0 3
150544.204 3 -1 0 3
154861.2399 3 -1 0 3
158951.1042 3 -1 0 3
162785.859 3 -1 0 3
166339.309 3 -1 0 3
169587.1807 3 -1 0 3
172507.2877 3 -1 0 3
175079.6827 3 -1 0 3
177286.7937 3 -1 0 3
179113.5438 3 -1 0 3
180547.4546 3 -1 0 3
181578.7309 3 -1 0 3
182200.3281 3 -1 0 3
182390.685 2 0 -1 -1

    N = 157
evals and evecs done 
Elapsed time is 1280.085652 seconds.
sigma_d done 
c3 done 
c2 done 
Elapsed time is 14312.957295 seconds.
65730.6667 234 0 0 -78
65782.6335 3 -1 0 3
66197.8754 3 -1 0 3
67025.7339 3 -1 0 3
68260.975 3 -1 0 3
69895.7891 3 -1 0 3
71919.8404 3 -1 0 3
74320.3321 3 -1 0 3
77082.0877 3 -1 0 3
80187.6464 3 -1 0 3
83617.3739 3 -1 0 3
87349.5862 3 -1 0 3
91360.6873 3 -1 0 3
95625.3175 3 -1 0 3
100116.5146 3 -1 0 3
104805.8836 3 -1 0 3
109663.7771 3 -1 0 3
114659.4817 3 -1 0 3
119761.413 3 -1 0 3
124937.315 3 -1 0 3
130154.4639 3 -1 0 3
131461.3333 237 1 0 -79
135379.8753 3 -1 0 3
140580.5123 3 -1 0 3
145723.495 3 -1 0 3
150776.3078 3 -1 0 3
155707.005 3 -1 0 3
160484.4133 3 -1 0 3
165078.3283 3 -1 0 3
169459.7059 3 -1 0 3
173600.8455 3 -1 0 3
177475.5656 3 -1 0 3
181059.3689 3 -1 0 3
184329.5974 3 -1 0 3
187265.5757 3 -1 0 3
189848.7417 3 -1 0 3
192062.7636 3 -1 0 3
193893.6438 3 -1 0 3
195329.8068 3 -1 0 3
196362.1728 3 -1 0 3
196984.2148 3 -1 0 3
197174.6762 2 0 -1 0

    N = 163
evals and evecs done 
Elapsed time is 855.968949 seconds.
sigma_d done 
c3 done 
c2 done 
Elapsed time is 16705.067483 seconds.
70850.6667 243 1 0 79
71058.5566 3 -1 0 3
71681.0065 3 -1 0 3
72714.3634 3 -1 0 3
74152.5634 3 -1 0 3
75987.1663 3 -1 0 3
78207.4062 3 -1 0 3
80800.2536 3 -1 0 3
83750.4928 3 -1 0 3
87040.8106 3 -1 0 3
90651.8981 3 -1 0 3
94562.5639 3 -1 0 3
98749.8588 3 -1 0 3
103189.21 3 -1 0 3
107854.5657 3 -1 0 3
112718.5477 3 -1 0 3
117752.6122 3 -1 0 3
122927.2172 3 -1 0 3
128211.9963 3 -1 0 3
133575.9362 3 -1 0 3
138987.5591 3 -1 0 3
141701.3333 246 0 0 82
144415.1076 3 -1 0 3
149826.7305 3 -1 0 3
155190.6703 3 -1 0 3
160475.4494 3 -1 0 3
165650.0545 3 -1 0 3
170684.119 3 -1 0 3
175548.101 3 -1 0 3
180213.4566 3 -1 0 3
184652.8079 3 -1 0 3
188840.1027 3 -1 0 3
192750.7686 3 -1 0 3
196361.856 3 -1 0 3
199652.1738 3 -1 0 3
202602.413 3 -1 0 3
205195.2605 3 -1 0 3
207415.5003 3 -1 0 3
209250.1033 3 -1 0 3
210688.3032 3 -1 0 3
211721.6602 3 -1 0 3
212344.1101 3 -1 0 3
212534.6681 2 0 -1 -2

    N = 167
evals and evecs done 
Elapsed time is 998.121860 seconds.
sigma_d done 
c3 done 
c2 done 
Elapsed time is 19420.964867 seconds.
39049.9612 12 0 0 12
47149.1134 9 1 0 1
53410.6714 12 0 0 12
58967.9973 12 0 0 12
74370.6667 249 1 0 81
74578.6221 3 -1 0 3
75201.3256 3 -1 0 3
76235.2946 3 -1 0 3
77674.7467 3 -1 0 3
79287.7771 12 0 0 12
79511.6321 3 -1 0 3
81735.678 3 -1 0 3
84334.4467 3 -1 0 3
87293.4049 3 -1 0 3
90596.0048 3 -1 0 3
94223.7769 3 -1 0 3
98156.4334 3 -1 0 3
102371.9811 3 -1 0 3
106846.8451 3 -1 0 3
116473.1104 3 -1 0 3
121570.6778 3 -1 0 3
126820.1945 3 -1 0 3
132192.3031 3 -1 0 3
137656.9606 3 -1 0 3
143183.6065 3 -1 0 3
143824.2229 12 0 0 12
148741.3333 252 0 0 84
154299.0602 3 -1 0 3
159825.706 3 -1 0 3
164144.0027 12 0 0 12
165290.3635 3 -1 0 3
169701.3286 12 0 0 12
170662.4722 3 -1 0 3
175911.9889 3 -1 0 3
175962.8866 9 1 0 1
181009.5563 3 -1 0 3
184062.0388 12 0 0 12
185926.6667 3 -1 0 3
190635.8216 3 -1 0 3
195110.6856 3 -1 0 3
199326.2333 3 -1 0 3
203258.8897 3 -1 0 3
206886.6619 3 -1 0 3
210189.2618 3 -1 0 3
213148.22 3 -1 0 3
215746.9887 3 -1 0 3
217971.0346 3 -1 0 3
219807.9199 3 -1 0 3
221247.3721 3 -1 0 3
222281.3411 3 -1 0 3
222904.0445 3 -1 0 3
223094.663 1 -1 -1 -1