   N = 11
evals and evecs done 
Elapsed time is 0.070592 seconds.
sigma_d done 
inv done 
c3 done 
c2 done 
Elapsed time is 0.025178 seconds.
322.6667 20 2 5 -4 -2 117
645.3333 20 2 5 4 2 191
806.6667 2 0 2 -2 0 247

    N = 13
evals and evecs done 
Elapsed time is 0.013527 seconds.
sigma_d done 
inv done 
c3 done 
c2 done 
Elapsed time is 0.050285 seconds.
495.2967 2 0 2 -2 0 171
801.0506 2 0 2 -2 0 209
1182.3194 2 0 2 -2 0 351

    N = 17
evals and evecs done 
Elapsed time is 0.049826 seconds.
sigma_d done 
inv done 
c3 done 
c2 done 
Elapsed time is 0.206222 seconds.
817.1436 2 0 2 -2 0 272
1675.1582 2 0 2 -2 0 474
2131.6983 2 0 2 -2 0 607

    N = 19
Operation terminated by user during octahedron_all
 

 octahedron_all
Max N = 121
Warning Directory already exists. 
 In octahedron_all (line 18) 

    N = 11
evals and evecs done 
Elapsed time is 0.079080 seconds.
sigma_d done 
inv done 
c3 done 
c2 done 
Elapsed time is 0.023118 seconds.
322.6667 20 2 5 -4 -2 117
645.3333 20 2 5 4 2 191
806.6667 2 0 2 -2 0 247

    N = 13
evals and evecs done 
Elapsed time is 0.011145 seconds.
sigma_d done 
inv done 
c3 done 
c2 done 
Elapsed time is 0.048368 seconds.
495.2967 2 0 2 -2 0 171
801.0506 2 0 2 -2 0 209
1182.3194 2 0 2 -2 0 351

    N = 17
evals and evecs done 
Elapsed time is 0.030651 seconds.
sigma_d done 
inv done 
c3 done 
c2 done 
Elapsed time is 0.190342 seconds.
817.1436 2 0 2 -2 0 272
1675.1582 2 0 2 -2 0 474
2131.6983 2 0 2 -2 0 607

    N = 19
evals and evecs done 
Elapsed time is 0.043647 seconds.
sigma_d done 
inv done 
c3 done 
c2 done 
Elapsed time is 0.345008 seconds.
665.1863 6 0 0 2 0 176
962.6667 36 2 9 -4 -2 317
1146.5196 6 0 0 -2 0 372
1627.853 2 0 2 -2 0 413
1741.4804 6 0 0 2 0 434
1925.3333 36 2 9 4 2 519
2222.8137 6 0 0 -2 0 630
2704.147 2 0 2 -2 0 759

    N = 23
evals and evecs done 
Elapsed time is 0.102848 seconds.
sigma_d done 
inv done 
c3 done 
c2 done 
Elapsed time is 1.151791 seconds.
1410.6667 44 2 11 4 -2 453
1599.6602 2 0 2 -2 0 509
2821.3333 44 2 11 -4 2 743
3526.6667 2 0 2 -2 0 982
4043.0065 2 0 2 -2 0 1111

    N = 29
evals and evecs done 
Elapsed time is 0.369692 seconds.
sigma_d done 
inv done 
c3 done 
c2 done 
Elapsed time is 6.939320 seconds.
2291.6743 2 0 2 -2 0 699
2670.9779 2 0 2 -2 0 833
4250.9108 2 0 2 -2 0 1014
5178.3554 2 0 2 -2 0 1410
5985.9702 2 0 2 -2 0 1630
6534.1113 2 0 2 -2 0 1759

    N = 31
evals and evecs done 
Elapsed time is 0.679232 seconds.
sigma_d done 
inv done 
c3 done 
c2 done 
Elapsed time is 10.083933 seconds.
2562.6667 60 2 15 4 -2 797
2757.7381 2 0 2 -2 0 869
3313.2544 2 0 2 -2 0 989
4144.6433 2 0 2 -2 0 1037
5125.3333 60 2 15 -4 2 1311
6106.0234 2 0 2 -2 0 1661
6937.4123 2 0 2 -2 0 1878
7492.9286 2 0 2 -2 0 2007

    N = 37
evals and evecs done 
Elapsed time is 1.576909 seconds.
sigma_d done 
inv done 
c3 done 
c2 done 
Elapsed time is 29.194904 seconds.
3700.457 2 0 2 -2 0 1107
4090.6678 2 0 2 -2 0 1267
4828.8041 2 0 2 -2 0 1409
5834.8772 2 0 2 -2 0 1457
6999.8637 2 0 2 -2 0 1653
8197.519 2 0 2 -2 0 2180
9298.0587 2 0 2 -2 0 2501
10182.2223 2 0 2 -2 0 2718
10754.1968 2 0 2 -2 0 2847

    N = 41
evals and evecs done 
Elapsed time is 2.869913 seconds.
sigma_d done 
inv done 
c3 done 
c2 done 
Elapsed time is 53.696529 seconds.
4532.7343 2 0 2 -2 0 1344
4926.5902 2 0 2 -2 0 1520
5679.3061 2 0 2 -2 0 1691
7967.8462 2 0 2 -2 0 1869
9300.3234 2 0 2 -2 0 2396
10603.0354 2 0 2 -2 0 2833
11760.2303 2 0 2 -2 0 3141
12669.0863 2 0 2 -2 0 3358
13248.8477 2 0 2 -2 0 3487

    N = 43
evals and evecs done 
Elapsed time is 3.813958 seconds.
sigma_d done 
inv done 
c3 done 
c2 done 
Elapsed time is 71.131558 seconds.
4930.6667 84 2 21 -4 -2 1493
5130.3933 2 0 2 -2 0 1562
5713.3926 2 0 2 -2 0 1752
6632.4333 2 0 2 -2 0 1901
7813.0604 2 0 2 -2 0 1949
9159.6263 2 0 2 -2 0 2136
9861.3333 84 2 21 4 2 2463
10563.0404 2 0 2 -2 0 2755
11909.6063 2 0 2 -2 0 3179
13090.2333 2 0 2 -2 0 3485
14009.2741 2 0 2 -2 0 3702
14592.2734 2 0 2 -2 0 3831

    N = 47
evals and evecs done 
Elapsed time is 6.676424 seconds.
sigma_d done 
inv done 
c3 done 
c2 done 
Elapsed time is 127.556945 seconds.
3734.533 6 2 6 0 0 921
5890.6667 92 2 23 4 -2 1773
6091.3863 2 0 2 -2 0 1839
6679.8664 2 0 2 -2 0 2056
7616.003 2 0 2 -2 0 2224
10256.7166 2 0 2 -2 0 2406
11781.3333 92 2 23 -4 2 2927
13305.9501 2 0 2 -2 0 3503
13937.467 6 2 6 0 0 3693
14726.6667 2 0 2 -2 0 3915
15946.6637 2 0 2 -2 0 4221
16882.8003 2 0 2 -2 0 4438
17471.2804 2 0 2 -2 0 4567

    N = 53
evals and evecs done 
Elapsed time is 13.182435 seconds.
sigma_d done 
inv done 
c3 done 
c2 done 
Elapsed time is 240.331277 seconds.
7541.3159 2 0 2 -2 0 2208
7942.4091 2 0 2 -2 0 2428
8722.9726 2 0 2 -2 0 2649
9840.926 2 0 2 -2 0 2836
12832.9859 2 0 2 -2 0 3018
14545.7898 2 0 2 -2 0 3411
16282.0739 2 0 2 -2 0 4229
17948.2348 2 0 2 -2 0 4746
19454.4493 2 0 2 -2 0 5139
20719.5169 2 0 2 -2 0 5445
21675.2376 2 0 2 -2 0 5662
22270.0881 2 0 2 -2 0 5791

    N = 59
evals and evecs done 
Elapsed time is 25.369933 seconds.
sigma_d done 
inv done 
c3 done 
c2 done 
Elapsed time is 453.533610 seconds.
6414.1649 6 0 6 2 0 1586
7360.1635 8 0 8 0 0 1887
9282.6667 116 2 29 -4 -2 2757
9485.5152 2 0 2 -2 0 2816
10085.1954 2 0 2 -2 0 3069
11055.4982 6 0 6 -2 0 3327
12354.017 2 0 2 -2 0 3520
15696.8316 2 0 2 -2 0 3699
16792.5018 6 0 6 2 0 3879
17595.0305 2 0 2 -2 0 4067
18565.3333 116 2 29 4 2 4559
19535.6362 2 0 2 -2 0 4987
20487.8365 8 0 8 0 0 5321
21433.8351 6 0 6 -2 0 5620
23206.6667 2 0 2 -2 0 6114
24776.6497 2 0 2 -2 0 6507
26075.1684 2 0 2 -2 0 6813
27045.4713 2 0 2 -2 0 7030
27645.1515 2 0 2 -2 0 7159

    N = 61
evals and evecs done 
Elapsed time is 29.696797 seconds.
sigma_d done 
inv done 
c3 done 
c2 done 
Elapsed time is 563.537947 seconds.
9973.5767 2 0 2 -2 0 2904
10377.7275 2 0 2 -2 0 3122
11169.4833 2 0 2 -2 0 3403
12316.4294 2 0 2 -2 0 3646
13771.6097 2 0 2 -2 0 3809
15475.449 2 0 2 -2 0 3857
17358.1918 2 0 2 -2 0 4030
19342.7585 2 0 2 -2 0 4524
21347.9007 2 0 2 -2 0 5499
23291.5276 2 0 2 -2 0 6114
25094.0669 2 0 2 -2 0 6602
26681.7224 2 0 2 -2 0 6995
27989.4954 2 0 2 -2 0 7301
28963.8454 2 0 2 -2 0 7518
29564.8824 2 0 2 -2 0 7647

    N = 67
evals and evecs done 
Elapsed time is 43.432850 seconds.
sigma_d done 
inv done 
c3 done 
c2 done 
Elapsed time is 949.375768 seconds.
11970.6667 132 2 33 -4 -2 3533
12174.49 2 0 2 -2 0 3592
12779.0191 2 0 2 -2 0 3874
13763.6674 2 0 2 -2 0 4165
15094.9039 2 0 2 -2 0 4419
16727.395 2 0 2 -2 0 4589
18605.5481 2 0 2 -2 0 4637
20665.4049 2 0 2 -2 0 4810
22836.8196 2 0 2 -2 0 5267
23941.3333 132 2 33 4 2 5847
25045.8471 2 0 2 -2 0 6347
27217.2618 2 0 2 -2 0 7081
29277.1186 2 0 2 -2 0 7678
31155.2717 2 0 2 -2 0 8162
32787.7627 2 0 2 -2 0 8555
34118.9993 2 0 2 -2 0 8861
35103.6476 2 0 2 -2 0 9078
35708.1767 2 0 2 -2 0 9207

    N = 71
evals and evecs done 
Elapsed time is 61.668696 seconds.
sigma_d done 
inv done 
c3 done 
c2 done 
Elapsed time is 1326.669416 seconds.
13442.6667 140 2 35 4 -2 3957
13646.891 2 0 2 -2 0 4016
14253.3587 2 0 2 -2 0 4314
15243.6425 2 0 2 -2 0 4614
16587.6532 2 0 2 -2 0 4907
18244.5538 2 0 2 -2 0 5104
22287.6706 2 0 2 -2 0 5283
24551.0388 2 0 2 -2 0 5624
26885.3333 140 2 35 -4 2 6551
29219.6279 2 0 2 -2 0 7514
31482.9961 2 0 2 -2 0 8219
33606.6667 2 0 2 -2 0 8798
35526.1129 2 0 2 -2 0 9282
37183.0134 2 0 2 -2 0 9675
38527.0242 2 0 2 -2 0 9981
39517.308 2 0 2 -2 0 10198
40123.7757 2 0 2 -2 0 10327

    N = 73
evals and evecs done 
Elapsed time is 71.422484 seconds.
sigma_d done 
inv done 
c3 done 
c2 done 
Elapsed time is 1541.067646 seconds.
14261.8608 2 0 2 -2 0 4128
14669.203 2 0 2 -2 0 4367
15472.169 2 0 2 -2 0 4681
16647.6589 2 0 2 -2 0 5004
18161.8559 2 0 2 -2 0 5271
19971.1995 2 0 2 -2 0 5441
22023.638 2 0 2 -2 0 5489
24260.1265 2 0 2 -2 0 5652
26616.3254 2 0 2 -2 0 6096
29024.4511 2 0 2 -2 0 7222
31415.2262 2 0 2 -2 0 8114
33719.8725 2 0 2 -2 0 8813
35872.0894 2 0 2 -2 0 9385
37809.9616 2 0 2 -2 0 9866
39477.7401 2 0 2 -2 0 10259
40827.4459 2 0 2 -2 0 10565
41820.2504 2 0 2 -2 0 10782
42427.5925 2 0 2 -2 0 10911

    N = 79
evals and evecs done 
Elapsed time is 121.617056 seconds.
sigma_d done 
inv done 
c3 done 
c2 done 
Elapsed time is 2613.000271 seconds.
9135.8834 8 0 2 0 0 2161
11499.7998 6 0 0 2 0 2830
15181.686 8 0 2 0 0 4068
16642.6667 156 2 39 4 -2 4877
16847.5655 2 0 2 -2 0 4936
17457.2168 2 0 2 -2 0 5229
18456.6088 2 0 2 -2 0 5589
19821.1332 6 0 0 -2 0 5922
21517.1909 2 0 2 -2 0 6195
23503.0193 2 0 2 -2 0 6365
25729.7208 2 0 2 -2 0 6413
28142.4665 2 0 2 -2 0 6569
30106.8668 6 0 0 2 0 6884
30681.8467 2 0 2 -2 0 7005
33285.3333 156 2 39 -4 2 8079
34746.314 8 0 2 0 0 8740
35888.82 2 0 2 -2 0 9173
38428.2002 6 0 0 -2 0 9976
40792.1166 8 0 2 0 0 10647
40840.9459 2 0 2 -2 0 10661
43067.6474 2 0 2 -2 0 11237
45053.4758 2 0 2 -2 0 11714
46749.5335 2 0 2 -2 0 12107
48114.0579 2 0 2 -2 0 12413
49113.4499 2 0 2 -2 0 12630
49723.1012 2 0 2 -2 0 12759

    N = 83
evals and evecs done 
Elapsed time is 137.791785 seconds.
sigma_d done 
inv done 
c3 done 
c2 done 
Elapsed time is 3331.973481 seconds.
9645.9243 8 0 8 0 0 2275
13193.2344 8 0 8 0 0 3273
18370.6667 164 2 41 -4 -2 5373
18575.8518 2 0 2 -2 0 5432
19186.8238 2 0 2 -2 0 5727
19585.2665 8 0 8 0 0 5889
20189.9346 2 0 2 -2 0 6107
21562.7762 2 0 2 -2 0 6467
23274.6817 2 0 2 -2 0 6765
25287.41 2 0 2 -2 0 6976
30029.7752 2 0 2 -2 0 7155
32653.4754 2 0 2 -2 0 7476
35368.4917 2 0 2 -2 0 8153
35526.7335 8 0 8 0 0 8231
36741.3333 164 2 41 4 2 8903
38114.175 2 0 2 -2 0 9550
40829.1912 2 0 2 -2 0 10520
41918.7656 8 0 8 0 0 10847
43452.8915 2 0 2 -2 0 11313
45466.0757 8 0 8 0 0 11845
45926.6667 2 0 2 -2 0 11976
48195.2567 2 0 2 -2 0 12549
50207.9849 2 0 2 -2 0 13026
51919.8904 2 0 2 -2 0 13419
53292.7321 2 0 2 -2 0 13725
54295.8428 2 0 2 -2 0 13942
54906.8148 2 0 2 -2 0 14071

    N = 89
evals and evecs done 
Elapsed time is 195.440088 seconds.
sigma_d done 
inv done 
c3 done 
c2 done 
Elapsed time is 5014.399905 seconds.
21174.1204 2 0 2 -2 0 6096
21584.2476 2 0 2 -2 0 6358
22396.5193 2 0 2 -2 0 6738
23595.1256 2 0 2 -2 0 7109
25156.737 2 0 2 -2 0 7490
27050.9585 2 0 2 -2 0 7806
29240.9212 2 0 2 -2 0 8020
34332.6431 2 0 2 -2 0 8199
37135.2978 2 0 2 -2 0 8517
40037.4134 2 0 2 -2 0 9151
42982.5038 2 0 2 -2 0 10589
45913.2459 2 0 2 -2 0 11723
48772.5963 2 0 2 -2 0 12630
51504.9009 2 0 2 -2 0 13403
54056.9786 2 0 2 -2 0 14064
56379.1561 2 0 2 -2 0 14637
58426.2348 2 0 2 -2 0 15114
60158.3706 2 0 2 -2 0 15507
61541.8495 2 0 2 -2 0 15813
62549.7437 2 0 2 -2 0 16030
63162.4357 2 0 2 -2 0 16159

    N = 97
evals and evecs done 
Elapsed time is 320.330276 seconds.
sigma_d done 
inv done 
c3 done 
c2 done 
Elapsed time is 8546.016008 seconds.
25142.2181 2 0 2 -2 0 7224
25553.3597 2 0 2 -2 0 7502
26368.8919 2 0 2 -2 0 7877
27575.4238 2 0 2 -2 0 8317
29153.1441 2 0 2 -2 0 8725
31076.1466 2 0 2 -2 0 9094
33312.8558 2 0 2 -2 0 9396
35826.5449 2 0 2 -2 0 9569
38575.9393 2 0 2 -2 0 9617
41515.8939 2 0 2 -2 0 9773
44598.1348 2 0 2 -2 0 10181
47772.0516 2 0 2 -2 0 10928
50985.5288 2 0 2 -2 0 12524
54185.8011 2 0 2 -2 0 13790
57320.3202 2 0 2 -2 0 14790
60337.6173 2 0 2 -2 0 15663
63188.1485 2 0 2 -2 0 16417
65825.1081 2 0 2 -2 0 17078
68205.1974 2 0 2 -2 0 17645
70289.3354 2 0 2 -2 0 18122
72043.3005 2 0 2 -2 0 18515
73438.2927 2 0 2 -2 0 18821
74451.4063 2 0 2 -2 0 19038
75066.006 2 0 2 -2 0 19167

    N = 101
evals and evecs done 
Elapsed time is 641.346842 seconds.
sigma_d done 
inv done 
c3 done 
c2 done 
Elapsed time is 14967.773010 seconds.
27254.2612 2 0 2 -2 0 7824
27665.8438 2 0 2 -2 0 8110
28482.7697 2 0 2 -2 0 8484
29692.6554 2 0 2 -2 0 8941
31277.16 2 0 2 -2 0 9364
33212.2642 2 0 2 -2 0 9769
35468.6336 2 0 2 -2 0 10103
38012.0642 2 0 2 -2 0 10324
43802.1182 2 0 2 -2 0 10503
46960.9702 2 0 2 -2 0 10809
50232.6713 2 0 2 -2 0 11406
53567.6256 2 0 2 -2 0 12488
56915.2788 2 0 2 -2 0 14267
60224.8837 2 0 2 -2 0 15430
63446.2702 2 0 2 -2 0 16404
66530.6052 2 0 2 -2 0 17266
69431.1336 2 0 2 -2 0 18017
72103.8861 2 0 2 -2 0 18678
74508.3466 2 0 2 -2 0 19245
76608.0659 2 0 2 -2 0 19722
78371.2144 2 0 2 -2 0 20115
79771.0646 2 0 2 -2 0 20421
80786.3961 2 0 2 -2 0 20638
81401.8177 2 0 2 -2 0 20767

    N = 103
evals and evecs done 
Elapsed time is 842.271914 seconds.
132         sigma_d_evals(i) = (eigenvectors(, i).'  sigma_d  eigenvectors(, i));
sigma_d done 
inv done 
c3 done 
c2 done 
Elapsed time is 16360.329664 seconds.
28290.6667 204 2 51 4 -2 8213
28496.9375 2 0 2 -2 0 8272
29112.742 2 0 2 -2 0 8597
30129.1005 2 0 2 -2 0 9029
31531.1921 2 0 2 -2 0 9474
33298.5711 2 0 2 -2 0 9914
35405.4653 2 0 2 -2 0 10297
37821.1512 2 0 2 -2 0 10608
40510.4029 2 0 2 -2 0 10781
43434.005 2 0 2 -2 0 10829
46549.3247 2 0 2 -2 0 10985
49810.9336 2 0 2 -2 0 11381
53171.2703 2 0 2 -2 0 12102
56581.3333 204 2 51 -4 2 13623
59991.3964 2 0 2 -2 0 15135
63351.733 2 0 2 -2 0 16273
66613.342 2 0 2 -2 0 17242
69728.6617 2 0 2 -2 0 18090
72652.2637 2 0 2 -2 0 18844
75341.5154 2 0 2 -2 0 19502
77757.2014 2 0 2 -2 0 20069
79864.0956 2 0 2 -2 0 20546
81631.4746 2 0 2 -2 0 20939
83033.5662 2 0 2 -2 0 21245
84049.9246 2 0 2 -2 0 21462
84665.7292 2 0 2 -2 0 21591

    N = 107
evals and evecs done 
Elapsed time is 972.953374 seconds.
sigma_d done 
inv done 
c3 done 
c2 done 
Elapsed time is 19758.218920 seconds.
30530.6667 212 2 53 -4 -2 8853
30737.1041 2 0 2 -2 0 8912
31353.6247 2 0 2 -2 0 9245
32371.8912 2 0 2 -2 0 9693
33778.1331 2 0 2 -2 0 10145
35553.3335 2 0 2 -2 0 10608
37673.4858 2 0 2 -2 0 11026
40109.9186 2 0 2 -2 0 11357
42829.6834 2 0 2 -2 0 11584
48968.754 2 0 2 -2 0 11763
52305.0394 2 0 2 -2 0 12064
55759.7387 2 0 2 -2 0 12653
59286.1329 2 0 2 -2 0 13658
61061.3333 212 2 53 4 2 14687
62836.5337 2 0 2 -2 0 15575
66362.928 2 0 2 -2 0 16889
69817.6272 2 0 2 -2 0 17985
73153.9126 2 0 2 -2 0 18954
76326.6667 2 0 2 -2 0 19786
79292.9832 2 0 2 -2 0 20543
82012.748 2 0 2 -2 0 21198
84449.1809 2 0 2 -2 0 21765
86569.3332 2 0 2 -2 0 22242
88344.5336 2 0 2 -2 0 22635
89750.7755 2 0 2 -2 0 22941
90769.0419 2 0 2 -2 0 23158
91385.5626 2 0 2 -2 0 23287

    N = 109
evals and evecs done 
Elapsed time is 1236.274078 seconds.
sigma_d done 
inv done 
c3 done 
c2 done 
Elapsed time is 22626.910071 seconds.
31734.3378 2 0 2 -2 0 9096
32146.6962 2 0 2 -2 0 9398
32966.0373 2 0 2 -2 0 9781
34181.6797 2 0 2 -2 0 10246
35777.7756 2 0 2 -2 0 10732
37733.5176 2 0 2 -2 0 11182
40023.4094 2 0 2 -2 0 11577
42617.599 2 0 2 -2 0 11892
45482.267 2 0 2 -2 0 12065
48580.0681 2 0 2 -2 0 12113
51870.6177 2 0 2 -2 0 12269
55311.0186 2 0 2 -2 0 12654
58856.4198 2 0 2 -2 0 13349
62460.6015 2 0 2 -2 0 14552
66076.5778 2 0 2 -2 0 16507
69657.2089 2 0 2 -2 0 17783
73155.8158 2 0 2 -2 0 18860
76526.7887 2 0 2 -2 0 19826
79726.182 2 0 2 -2 0 20658
82712.2866 2 0 2 -2 0 21415
85446.174 2 0 2 -2 0 22070
87892.2039 2 0 2 -2 0 22637
90018.4886 2 0 2 -2 0 23114
91797.3086 2 0 2 -2 0 23507
93205.4744 2 0 2 -2 0 23813
94224.6282 2 0 2 -2 0 24030
94841.484 2 0 2 -2 0 24159

    N = 113
evals and evecs done 
Elapsed time is 1180.776835 seconds.
sigma_d done 
inv done 
c3 done 
c2 done 
Elapsed time is 23447.050426 seconds.
34102.372 2 0 2 -2 0 9768
34515.0734 2 0 2 -2 0 10078
35335.4664 2 0 2 -2 0 10469
36553.5927 2 0 2 -2 0 10950
38154.6658 2 0 2 -2 0 11460
40119.2509 2 0 2 -2 0 11919
42423.5005 2 0 2 -2 0 12358
45039.4443 2 0 2 -2 0 12689
47935.3282 2 0 2 -2 0 12916
54423.3363 2 0 2 -2 0 13092
57936.705 2 0 2 -2 0 13390
61573.4585 2 0 2 -2 0 13969
65289.4516 2 0 2 -2 0 14923
69039.5771 2 0 2 -2 0 16860
72778.3135 2 0 2 -2 0 18381
76460.2778 2 0 2 -2 0 19613
80040.7758 2 0 2 -2 0 20673
83476.3452 2 0 2 -2 0 21618
86725.2827 2 0 2 -2 0 22459
89748.1508 2 0 2 -2 0 23207
92508.2558 2 0 2 -2 0 23862
94972.0938 2 0 2 -2 0 24429
97109.7572 2 0 2 -2 0 24906
98895.2976 2 0 2 -2 0 25299
100307.041 2 0 2 -2 0 25605
101327.8507 2 0 2 -2 0 25822
101945.3355 2 0 2 -2 0 25951